username,password
bigpapa,SEC92
joexotic,12345
stewart69,666DD00F
randy,123
arty,123
cappybeara,124
